     0/399     20.6G    0.0813   0.02262   0.02631    0.1302        51      1600 0.0009699 0.0007519 0.0002575 5.091e-05     0.106   0.04218   0.02741
     1/399       21G    0.0733   0.01197   0.02111    0.1064        20      1600   0.04965     0.149   0.02688  0.004902   0.09784   0.03802   0.02365
     2/399       21G   0.06683   0.01083   0.01747   0.09513        20      1600     0.201    0.2158    0.1424   0.03334   0.09526   0.04367   0.02402
     3/399       21G   0.06396    0.0104   0.01499   0.08935        11      1600    0.3238     0.108   0.06531   0.01899    0.1002   0.03884    0.0216
     4/399       21G   0.06115  0.009889   0.01332   0.08435        18      1600   0.07152   0.08633   0.02847  0.006708     0.102   0.04156   0.02426
     5/399       21G   0.05704  0.009895   0.01223   0.07916        20      1600    0.3518    0.1807    0.1102   0.04161   0.09792   0.03558   0.02533
     6/399       21G    0.0574  0.009773   0.01199   0.07916        30      1600     0.351    0.1608    0.0941   0.02557    0.0994   0.03855   0.03564
     7/399       21G   0.05751  0.009847   0.01076   0.07812        41      1600    0.2024     0.142   0.09801   0.02087   0.09117   0.03878   0.02036
     8/399       21G   0.05596  0.009418   0.01095   0.07633         6      1600    0.3581    0.1574    0.1219    0.0374   0.09315   0.04166   0.03012
     9/399       21G   0.05366  0.009468  0.009524   0.07265        12      1600    0.5586    0.2449    0.2407   0.09954    0.0819   0.03915   0.01672
    10/399       21G   0.05302  0.009751   0.01106   0.07382        14      1600    0.3767    0.2195    0.2131   0.08275   0.08188   0.04027   0.02041
    11/399       21G   0.05157  0.009586    0.0111   0.07226        53      1600    0.4466    0.2359    0.2384    0.1008   0.07862   0.03971   0.01859
    12/399       21G   0.05151  0.009617  0.009763   0.07089        51      1600    0.5333    0.4166    0.3727    0.1606   0.07065   0.03358   0.01512
    13/399       21G   0.04913  0.009363  0.009377   0.06787        25      1600     0.274    0.1918    0.1363    0.0361   0.09175   0.03685    0.2113
    14/399       21G   0.04891  0.009426  0.009342   0.06767        12      1600    0.5279     0.414    0.4174    0.1963   0.06666   0.03449   0.01585
    15/399       21G    0.0481  0.009211  0.009502   0.06682        33      1600    0.3608    0.3331    0.2619   0.09938   0.07649   0.04018   0.02674
    16/399       21G   0.04762  0.009238   0.00936   0.06622        24      1600    0.5776    0.4832    0.4961    0.2223   0.06159   0.03142   0.01697
    17/399       21G   0.04654  0.009249  0.009198   0.06499         8      1600    0.5803    0.5216    0.5407    0.2574   0.05708   0.02737   0.01588
    18/399       21G   0.04476  0.009383   0.00931   0.06346        24      1600     0.465    0.4909    0.4184    0.2018   0.05957   0.03032   0.02365
    19/399       21G   0.04356  0.009685  0.008537   0.06178        16      1600    0.5333    0.5191    0.4912    0.2326   0.05733   0.02948   0.01732
    20/399       21G   0.04476    0.0089  0.008867   0.06252        30      1600    0.2873    0.4356    0.3037    0.1397   0.05771     1.461    0.1067
    21/399       21G   0.04295  0.009218  0.008479   0.06064        12      1600    0.2293    0.6206    0.2274   0.09441   0.05606    0.3041   0.02648
    22/399       21G   0.04403  0.009016    0.0081   0.06115        47      1600    0.5273    0.5552    0.5317     0.266    0.0544   0.02713   0.04451
    23/399       21G    0.0428  0.008545  0.007802   0.05914        37      1600    0.4038    0.5741    0.4238    0.2055   0.05442     0.528    0.1451
    24/399       21G   0.04184  0.009129  0.007708   0.05868        19      1600    0.5174    0.4835    0.4323    0.2157   0.06505   0.03133   0.06273
    25/399       21G   0.04278  0.008973  0.008255   0.06001        62      1600    0.5939    0.5801    0.5655    0.2805   0.05254    0.0269   0.01684
    26/399       21G   0.04208   0.00848  0.007537   0.05809        28      1600    0.5922    0.5636    0.5486    0.2702   0.05431   0.02737    0.0176
    27/399       21G   0.04101  0.008484  0.007864   0.05735        14      1600    0.5524    0.5175    0.4948     0.249   0.05714   0.03097   0.02073
    28/399       21G   0.04196  0.009166  0.008567   0.05969        22      1600    0.4829    0.3672    0.3403    0.1656   0.07759   0.03199   0.07767
    29/399       21G   0.04057  0.008917  0.008013   0.05751        78      1600     0.554    0.5568    0.5189     0.254   0.06012    0.0324   0.02416
    30/399       21G   0.04054  0.008468  0.007586   0.05659        11      1600    0.5522    0.5164    0.4692     0.239   0.05803   0.03352   0.01658
    31/399       21G   0.04003  0.008792  0.007771   0.05659        23      1600    0.5754    0.5072      0.49    0.2499   0.06022   0.02931   0.01779
    32/399       21G   0.04137  0.009045   0.00777   0.05818        17      1600    0.4489    0.3186    0.2929    0.1233   0.07979   0.04266   0.05683
    33/399       21G   0.04181  0.009284  0.007861   0.05895        18      1600    0.5803    0.4942    0.5039    0.2493   0.05258    0.0283   0.01637
    34/399       21G   0.03976  0.008913  0.007099   0.05577        36      1600    0.6031     0.584    0.5879    0.2976   0.05196   0.02626   0.05644
    35/399       21G   0.04006  0.008948  0.006695    0.0557        25      1600    0.4697     0.434    0.3737    0.1927   0.07162    0.0355   0.02848
    36/399       21G   0.03952  0.009054  0.007487   0.05606        13      1600    0.6766    0.5877    0.6303    0.3258   0.04885    0.0247   0.01783
    37/399       21G   0.03941   0.00867  0.006323   0.05441        35      1600    0.5957    0.5243    0.5092    0.2606   0.06362   0.03324   0.02153
    38/399       21G   0.03882   0.00895  0.006469   0.05424        23      1600    0.5557     0.532    0.5003    0.2551   0.05838    0.0324   0.01873
    39/399       21G   0.03922  0.008914  0.006845   0.05498        18      1600    0.6225    0.5752    0.5765    0.3072   0.05501   0.03032   0.01957
    40/399       21G   0.03885  0.008929  0.007187   0.05497        29      1600    0.6196    0.5782    0.5707    0.2916   0.05292    0.0293   0.01689
    41/399       21G   0.03806  0.009046  0.006423   0.05353        11      1600    0.6666    0.6007    0.6259    0.3177   0.05012   0.02517   0.01758
    42/399       21G   0.03911   0.00929  0.006693    0.0551        19      1600    0.6817    0.5816     0.622    0.3334   0.05065    0.0259   0.01882
    43/399       21G   0.03893  0.009055  0.006398   0.05438        18      1600    0.5615    0.5277    0.4805    0.2289   0.06185   0.03361   0.02772
    44/399       21G   0.03854  0.008732  0.006688   0.05396        19      1600     0.601    0.5621    0.5605    0.2924   0.05655   0.02829   0.01952
    45/399       21G   0.03923  0.008546  0.006915   0.05469        44      1600    0.6038    0.5559     0.539    0.2745   0.06033   0.02879   0.02268
    46/399       21G   0.03835  0.008657  0.006799    0.0538        31      1600    0.6098    0.5023     0.514    0.2701   0.06129   0.02976   0.02229
    47/399       21G   0.03861  0.008425   0.00594   0.05298        57      1600    0.7041    0.6258    0.6758    0.3495   0.04744   0.02412   0.01635
    48/399       21G   0.03845   0.00879   0.00638   0.05362        41      1600    0.6453     0.601    0.6277    0.3365   0.04989   0.02594   0.01679
    49/399       21G   0.03825  0.008584  0.006444   0.05327        13      1600    0.6336    0.6251    0.6232    0.3233   0.04981   0.02679   0.01769
    50/399       21G   0.03799  0.008395  0.005641   0.05203         5      1600    0.6674    0.6552    0.6795    0.3617   0.04722   0.02465   0.01609
    51/399       21G   0.03697  0.008481   0.00596   0.05141        24      1600    0.7035    0.6278    0.6857    0.3725   0.04658   0.02439   0.01658
    52/399       21G   0.03787  0.008674  0.006323   0.05287        67      1600    0.4691    0.4739    0.4033    0.1877   0.08483   0.05748   0.04858
    53/399       21G   0.03782  0.008489  0.005548   0.05185        35      1600    0.6078    0.5733    0.5489    0.2775   0.06933   0.03232   0.02718
    54/399       21G   0.03823   0.00834  0.005982   0.05255        25      1600    0.6845    0.6067    0.6578    0.3554   0.04717   0.02455   0.01659
    55/399       21G    0.0377   0.00848  0.006038   0.05221        23      1600    0.6774    0.6111    0.6374    0.3435   0.04879   0.02642   0.01699
    56/399       21G   0.03747  0.008553   0.00556   0.05158        24      1600     0.757    0.6189    0.7027    0.3795    0.0462   0.02475   0.01549
    57/399       21G   0.03704  0.008285  0.005365   0.05069        60      1600    0.6435    0.5865     0.587     0.308   0.05243   0.02855   0.02077
    58/399       21G   0.03762  0.008737  0.005768   0.05213        24      1600    0.6643    0.6733    0.6936    0.3771   0.04574   0.02492   0.01652
    59/399       21G   0.03683  0.008037  0.005386   0.05026        11      1600    0.6914    0.6716    0.7155    0.3899   0.04513    0.0237   0.01577
    60/399       21G   0.03637  0.008169  0.005148   0.04969        41      1600    0.6541    0.6328    0.6411    0.3461   0.04993    0.0266   0.01751
    61/399       21G   0.03799  0.008044   0.00553   0.05157        23      1600    0.7322    0.6344    0.7008    0.3856   0.04602   0.02484   0.01603
    62/399       21G   0.03663  0.008254  0.005478   0.05036        29      1600    0.7081    0.6664    0.7074     0.388   0.04542   0.02466   0.01553
    63/399       21G   0.03671  0.008154  0.005436    0.0503        17      1600    0.7033    0.6235    0.6695    0.3701   0.04904    0.0262   0.01773
    64/399     17.6G   0.03712  0.008392  0.005424   0.05093        51      1600    0.6691    0.6842    0.6972     0.386   0.04594   0.02458   0.01652
    65/399     20.9G   0.03666  0.008276  0.005161   0.05009        19      1600    0.7006    0.6438    0.7002    0.3855   0.04542   0.02445   0.01576
    66/399     20.9G   0.03668  0.008775  0.005651    0.0511        19      1600     0.714    0.6398    0.7028    0.3934   0.04638   0.02463   0.01573
    67/399     20.9G   0.03578  0.008303  0.004996   0.04908         6      1600    0.7292    0.6466    0.7115    0.3926   0.04516   0.02519   0.01594
    68/399     20.9G   0.03685  0.008392  0.005031   0.05027        17      1600    0.7015    0.6753    0.7218    0.3937   0.04498   0.02381   0.01604
    69/399     20.9G   0.03646  0.008587  0.005193   0.05024        22      1600    0.7114    0.6445    0.6918    0.3839   0.04625    0.0253   0.01647
    70/399     20.9G   0.03553  0.008141  0.005281   0.04895        32      1600    0.6931    0.6692    0.7025    0.3876   0.04522   0.02483   0.01615
    71/399     20.9G    0.0365  0.008365  0.005204   0.05007        45      1600    0.7312    0.6677      0.73    0.4072   0.04455   0.02459    0.0159
    72/399     20.9G   0.03616  0.008244  0.004533   0.04894         4      1600     0.697    0.6591    0.6966    0.3854   0.04673   0.02577   0.01674
    73/399     20.9G   0.03585  0.008033  0.004582   0.04846        11      1600    0.7222    0.6857    0.7299    0.4004   0.04431   0.02364   0.01643
    74/399     20.9G   0.03608  0.008521  0.005375   0.04998        14      1600    0.7224    0.6873    0.7349    0.4063   0.04389   0.02357    0.0163
    75/399     20.9G   0.03639  0.008514  0.005197    0.0501        40      1600     0.702     0.701    0.7321    0.4015   0.04415    0.0241   0.01632
    76/399     20.9G   0.03647  0.008426  0.005268   0.05016        41      1600    0.7223    0.6892    0.7346    0.4034   0.04381   0.02363   0.01583
    77/399     20.9G   0.03605  0.008162  0.004798   0.04901        29      1600    0.6709    0.6851    0.7037    0.3808   0.04493   0.02494   0.01661
    78/399     20.9G    0.0362  0.008394  0.005251   0.04984        10      1600    0.6423    0.6913    0.6749    0.3737   0.04584   0.02547   0.01778
    79/399     20.9G   0.03514  0.008249  0.005245   0.04863        24      1600    0.7161    0.6901    0.7355    0.4043   0.04366   0.02376   0.01625
    80/399     20.9G   0.03623  0.008238  0.005038   0.04951        25      1600    0.7139    0.6754    0.7222    0.4055   0.04471   0.02454   0.01591
    81/399     20.9G   0.03643  0.008192  0.005076    0.0497         9      1600    0.7344    0.6767    0.7403    0.4151   0.04354   0.02376   0.01545
    82/399     20.9G   0.03549  0.008068  0.005372   0.04893        28      1600     0.744     0.678    0.7379    0.4092   0.04328   0.02365   0.01571
    83/399     20.9G   0.03553  0.008625  0.004798   0.04895        14      1600    0.7273    0.6752    0.7325    0.4086   0.04377   0.02471   0.01576
    84/399     20.9G   0.03581  0.007906  0.004944   0.04866        33      1600    0.7642    0.6682    0.7437    0.4074   0.04327   0.02359   0.01579
    85/399     20.9G   0.03489  0.008267  0.004893   0.04805        11      1600    0.7608    0.6814    0.7463    0.4096   0.04327   0.02365   0.01586
    86/399     20.9G    0.0357  0.008081  0.004928   0.04871        45      1600    0.7471    0.6695    0.7391    0.4099   0.04351   0.02414   0.01611
    87/399     20.9G   0.03507  0.008109  0.004677   0.04785        34      1600    0.7402    0.6746    0.7326    0.4025   0.04389   0.02433   0.01556
    88/399     20.9G   0.03541  0.008397  0.004828   0.04864        16      1600    0.7277    0.6754    0.7336    0.4059   0.04356   0.02394   0.01621
    89/399     20.9G   0.03519  0.008068  0.004819   0.04808        61      1600    0.7439    0.6723    0.7338    0.4048   0.04355   0.02453   0.01555
    90/399     20.9G   0.03559  0.007883  0.004889   0.04836        33      1600    0.7169    0.6499     0.692    0.3811   0.04559   0.02735   0.01636
    91/399     20.9G   0.03561  0.007601  0.004928   0.04814        15      1600    0.7599    0.6803    0.7439    0.4089   0.04305   0.02355   0.01613
    92/399     20.9G   0.03492  0.008065   0.00462    0.0476        20      1600    0.7695    0.6791    0.7486    0.4144   0.04284   0.02367   0.01561
    93/399     20.9G    0.0346  0.007692  0.004492   0.04678        46      1600    0.7135    0.7163    0.7484    0.4126    0.0428   0.02379   0.01619
    94/399     20.9G   0.03437  0.007521  0.004608    0.0465        10      1600    0.7831    0.6693    0.7549    0.4176   0.04237   0.02383   0.01522
    95/399     20.9G   0.03549  0.008014  0.004687   0.04819        29      1600    0.7674    0.6892    0.7571    0.4191   0.04255   0.02363   0.01556
    96/399     20.9G   0.03493  0.007919  0.004561   0.04741        15      1600    0.7651     0.687    0.7575    0.4214   0.04241   0.02368   0.01541
    97/399     20.9G   0.03513  0.008046  0.004691   0.04787        22      1600    0.7613    0.6912    0.7567    0.4193   0.04245   0.02388   0.01556
    98/399     20.9G   0.03448  0.007871  0.004668   0.04702        48      1600    0.7157    0.6987    0.7427    0.4124   0.04246   0.02391   0.01623
    99/399     20.9G   0.03518  0.008026  0.004234   0.04744        16      1600     0.757    0.6969    0.7609    0.4244   0.04222   0.02375   0.01535
   100/399     20.9G   0.03497  0.008185  0.004672   0.04782        15      1600      0.75    0.6958    0.7571    0.4241   0.04207   0.02378   0.01556
   101/399     20.9G   0.03441  0.007823  0.004101   0.04634        37      1600    0.7806    0.6836    0.7587    0.4249   0.04228   0.02369   0.01528
   102/399     20.9G   0.03457  0.008138  0.004153   0.04686        30      1600    0.7407    0.7093    0.7593    0.4226   0.04212   0.02379   0.01552
   103/399     20.9G   0.03523   0.00805  0.004773   0.04805        31      1600    0.7434    0.7106    0.7619    0.4268   0.04205   0.02358   0.01538
   104/399     20.9G   0.03484   0.00816  0.004578   0.04758        33      1600    0.7746    0.6867    0.7605    0.4293   0.04222   0.02381   0.01532
   105/399     20.9G   0.03481  0.008262  0.004504   0.04758        11      1600    0.7807    0.6799    0.7614    0.4243   0.04212   0.02373   0.01552
   106/399     20.9G   0.03515  0.008375  0.004671    0.0482        14      1600    0.7585    0.7002    0.7632    0.4296   0.04226    0.0235   0.01584
   107/399     20.9G    0.0355  0.008438  0.004341   0.04827        26      1600    0.7512    0.7056    0.7623    0.4253   0.04234   0.02359   0.01553
   108/399     20.9G   0.03501  0.008031  0.004805   0.04785        25      1600     0.764    0.6979    0.7628     0.427   0.04204   0.02362   0.01576
   109/399     20.9G   0.03483  0.007737  0.004715   0.04728        37      1600    0.7528    0.7138    0.7665    0.4289   0.04211   0.02362   0.01522
   110/399     20.9G   0.03483   0.00806  0.004688   0.04758        26      1600    0.7459    0.7185    0.7657    0.4309   0.04182   0.02357   0.01523
   111/399     20.9G   0.03471  0.007699  0.004573   0.04698        58      1600    0.7449    0.7219    0.7641    0.4304   0.04193   0.02364   0.01511
   112/399     20.9G   0.03436    0.0081  0.004712   0.04717        48      1600    0.7556    0.7128    0.7665    0.4307   0.04212   0.02366    0.0151
   113/399     20.9G   0.03465  0.007839  0.004634   0.04712        12      1600     0.743    0.7242    0.7693    0.4345   0.04194   0.02372   0.01517
   114/399     20.9G    0.0342   0.00772  0.004216   0.04613         7      1600    0.7771     0.699    0.7682    0.4314   0.04177   0.02373   0.01522
   115/399     20.9G   0.03409  0.007728   0.00443   0.04625        23      1600    0.7858    0.6908    0.7689    0.4349   0.04179   0.02392   0.01548
   116/399     20.9G   0.03404  0.007835  0.004391   0.04627        65      1600    0.7661    0.7049    0.7705    0.4353   0.04214   0.02381   0.01524
   117/399     20.9G   0.03547  0.008064  0.004269    0.0478        34      1600    0.7918     0.693     0.772    0.4336   0.04194   0.02363   0.01518
   118/399     20.9G   0.03466  0.007731  0.004411    0.0468        23      1600    0.7694    0.7093    0.7733    0.4359   0.04182    0.0236   0.01526
   119/399     20.9G   0.03424  0.007717  0.004137   0.04609        35      1600    0.7982    0.6981    0.7761    0.4367   0.04162   0.02358   0.01538
   120/399     20.9G   0.03452  0.008014  0.004205   0.04674        22      1600    0.7514    0.7276    0.7748    0.4389   0.04152   0.02362   0.01528
   121/399     20.9G   0.03486  0.007745  0.004489    0.0471        57      1600    0.7615    0.7168    0.7754    0.4393    0.0414   0.02379   0.01511
   122/399     20.9G   0.03452  0.008194  0.004582   0.04729        19      1600    0.7453     0.733    0.7763    0.4398   0.04147   0.02357   0.01507
   123/399     20.9G   0.03396  0.007397  0.004049   0.04541         8      1600    0.7831    0.7026    0.7759    0.4411   0.04136   0.02359   0.01519
   124/399     20.9G   0.03397  0.007802  0.004158   0.04593        41      1600     0.789     0.701    0.7774    0.4397   0.04139   0.02357   0.01506
   125/399     20.9G   0.03529   0.00749  0.004458   0.04724        38      1600    0.7745    0.7137    0.7764    0.4396   0.04137   0.02361   0.01505
   126/399     20.9G    0.0338  0.007731  0.004235   0.04577        31      1600    0.7661    0.7203    0.7739    0.4365   0.04137   0.02367     0.015
   127/399     20.9G   0.03398  0.007766  0.004285   0.04603        24      1600    0.7734    0.7158    0.7765    0.4373   0.04131    0.0236   0.01487
   128/399     20.9G   0.03426  0.007535  0.004186   0.04598        29      1600    0.7833    0.7042    0.7771    0.4401   0.04127   0.02357   0.01511
   129/399     20.9G    0.0344  0.007862   0.00405   0.04631        23      1600    0.7871    0.7038    0.7774     0.439   0.04125   0.02367   0.01523
   130/399     20.9G   0.03379  0.007649  0.003832   0.04527        14      1600     0.778    0.7132    0.7793    0.4413   0.04122   0.02362   0.01509
   131/399     20.9G   0.03435  0.007647   0.00421   0.04621        27      1600    0.7594    0.7212    0.7766    0.4393   0.04126   0.02366   0.01498
   132/399     20.9G   0.03433  0.007896  0.003911   0.04614        43      1600    0.7757    0.7082    0.7759    0.4389   0.04119   0.02378   0.01492
   133/399     20.9G   0.03427  0.008174  0.004703   0.04715        48      1600       0.8    0.6938    0.7771    0.4408   0.04109   0.02378   0.01497
   134/399     20.9G   0.03353  0.007589  0.004225   0.04535        22      1600    0.7896    0.7032    0.7807    0.4425   0.04108    0.0237    0.0149
   135/399     20.9G   0.03422  0.008021  0.003782   0.04603        25      1600    0.7911     0.701    0.7804    0.4414   0.04107   0.02372   0.01493
   136/399     20.9G     0.033  0.007544  0.004055    0.0446        16      1600    0.7879    0.7056    0.7793    0.4418    0.0411   0.02394   0.01492
   137/399     20.9G   0.03476  0.007749  0.004039   0.04655        22      1600    0.7679    0.7135    0.7794    0.4417   0.04103   0.02386   0.01494
   138/399     20.9G   0.03417  0.007701  0.004116   0.04599        26      1600     0.784     0.703     0.779    0.4396   0.04107   0.02383   0.01498
   139/399     20.9G   0.03456  0.007928  0.004121   0.04661        20      1600    0.7819    0.7071    0.7787    0.4404   0.04104   0.02383     0.015
   140/399     20.9G   0.03427  0.007891  0.004283   0.04644        21      1600     0.787     0.705     0.779    0.4423   0.04103   0.02379   0.01499
   141/399     20.9G   0.03347  0.007701  0.004108   0.04528        36      1600    0.7878     0.707    0.7791    0.4428   0.04096   0.02376   0.01506
   142/399     20.9G    0.0336  0.007678  0.004287   0.04557        38      1600    0.7827    0.7138    0.7789    0.4425    0.0409   0.02377   0.01506
   143/399     20.9G   0.03386  0.007691  0.004503   0.04606        20      1600    0.7975    0.7036    0.7803    0.4445   0.04086   0.02374   0.01509
   144/399     20.9G   0.03407  0.007919    0.0042   0.04619        27      1600     0.803    0.6997     0.781    0.4446   0.04084   0.02377   0.01493
   145/399     20.9G    0.0338  0.007608  0.004056   0.04546        52      1600    0.7845     0.709    0.7805    0.4457   0.04081   0.02381   0.01489
   146/399     20.9G    0.0337  0.007841  0.004282   0.04582        18      1600    0.7935    0.7038    0.7817    0.4462   0.04075   0.02383   0.01497
   147/399     20.9G   0.03328  0.007742  0.004043   0.04506        35      1600     0.791    0.7034     0.782    0.4464   0.04069    0.0238   0.01496
   148/399     20.9G    0.0338   0.00778  0.003889   0.04546        26      1600    0.7463     0.739    0.7826    0.4461   0.04073   0.02381   0.01488
   149/399     20.9G   0.03324  0.008199   0.00394   0.04538        21      1600    0.7481    0.7366     0.783    0.4452   0.04076   0.02379   0.01488
   150/399     20.9G   0.03355  0.007852  0.003825   0.04522        19      1600    0.7773    0.7161    0.7836    0.4461   0.04073    0.0238   0.01484
   151/399     20.9G   0.03358   0.00777  0.004283   0.04563        34      1600    0.8021    0.7004    0.7829    0.4465   0.04071   0.02382   0.01485
   152/399     20.9G   0.03386  0.007633  0.004485   0.04598        29      1600     0.791    0.7102     0.784    0.4473   0.04071    0.0238   0.01487
   153/399     20.9G   0.03378  0.007638  0.004049   0.04547        52      1600    0.8033    0.7026    0.7833    0.4475   0.04069   0.02384    0.0149
   154/399     20.9G   0.03314  0.007731  0.003883   0.04475        57      1600    0.7897     0.713    0.7851    0.4483   0.04061   0.02384   0.01492
   155/399     20.9G   0.03304  0.007614  0.003711   0.04436        37      1600    0.8009    0.7076    0.7861    0.4488    0.0406   0.02385   0.01491
   156/399     20.9G   0.03343  0.007524  0.004056   0.04502        32      1600    0.7985     0.711    0.7867    0.4491   0.04055   0.02384   0.01489
   157/399     20.9G   0.03344  0.008061  0.003954   0.04546        30      1600    0.8009    0.7079    0.7856    0.4501   0.04054   0.02387   0.01492
   158/399     20.9G   0.03325  0.007414  0.003971   0.04464        15      1600    0.7982    0.7123    0.7863    0.4494   0.04053   0.02389    0.0149
   159/399     20.9G    0.0334  0.007618  0.003886    0.0449        10      1600    0.7913     0.718    0.7868    0.4486   0.04052   0.02386    0.0148
   160/399     20.9G   0.03295  0.007781  0.003912   0.04464         9      1600    0.7896    0.7187    0.7878    0.4483   0.04049   0.02384   0.01476
   161/399     20.9G   0.03323  0.007798  0.003791   0.04482        17      1600    0.7859    0.7218    0.7886     0.449   0.04048   0.02384   0.01472
   162/399     20.9G   0.03344  0.007655   0.00391     0.045        30      1600     0.786      0.72     0.788    0.4493   0.04048   0.02382   0.01469
   163/399     20.9G   0.03426  0.008045  0.004166   0.04647        13      1600    0.7437    0.7556    0.7875    0.4492   0.04046   0.02383   0.01466
   164/399     20.9G   0.03312  0.008014  0.003524   0.04466        19      1600    0.7539     0.748    0.7882    0.4502   0.04046    0.0238   0.01469
   165/399     20.9G   0.03345  0.007943  0.004139   0.04553        19      1600    0.7859    0.7234     0.788    0.4497   0.04045   0.02376   0.01474
   166/399     20.9G   0.03269  0.007708  0.003755   0.04415        27      1600    0.7647    0.7393    0.7877    0.4496   0.04044   0.02377   0.01475
   167/399     20.9G   0.03305  0.007753  0.004182   0.04498        12      1600    0.7628    0.7422    0.7882    0.4495   0.04044   0.02377   0.01477
   168/399     20.9G   0.03361  0.007807  0.003656   0.04508        15      1600    0.7603    0.7451    0.7887    0.4493   0.04043   0.02378    0.0148
   169/399     20.9G   0.03284  0.007597  0.003636   0.04407        26      1600    0.7644    0.7432    0.7888    0.4505   0.04041   0.02378    0.0148
   170/399     20.9G   0.03287   0.00741  0.003954   0.04423        12      1600    0.7691    0.7397    0.7892    0.4505   0.04039   0.02379   0.01477
   171/399     20.9G   0.03362  0.007511   0.00384   0.04497        25      1600    0.7653     0.744    0.7895    0.4505   0.04035    0.0238   0.01476
   172/399     20.9G   0.03271  0.007583  0.003964   0.04426        40      1600    0.7993    0.7207    0.7907    0.4517   0.04028   0.02377   0.01473
   173/399     20.9G   0.03265  0.007491  0.003322   0.04347        38      1600    0.7946    0.7247    0.7909    0.4513   0.04027   0.02379   0.01471
   174/399     20.9G    0.0339  0.007451  0.003634   0.04498        16      1600    0.7703    0.7464    0.7914    0.4519   0.04023    0.0238   0.01466
   175/399     20.9G   0.03342  0.007771  0.003609    0.0448        12      1600    0.7649    0.7515    0.7917    0.4516    0.0402   0.02381   0.01466
   176/399     20.9G   0.03269  0.007521  0.003717   0.04393        39      1600    0.7654    0.7495    0.7919    0.4528   0.04017   0.02381   0.01463
   177/399     20.9G    0.0324  0.007957  0.003869   0.04423        35      1600    0.7706    0.7466    0.7927    0.4521   0.04016    0.0238    0.0146
   178/399     20.9G   0.03356  0.007827  0.003869   0.04526        45      1600    0.7722    0.7465     0.793    0.4526   0.04013   0.02381   0.01457
   179/399     20.9G   0.03353  0.007652  0.003945   0.04513        52      1600    0.7713    0.7454    0.7918    0.4518   0.04012   0.02383   0.01457
   180/399     20.9G   0.03305  0.007367  0.003539   0.04396        35      1600    0.7696    0.7471    0.7925    0.4529   0.04009   0.02383   0.01456
   181/399     20.9G   0.03265  0.007462  0.003276   0.04339        11      1600    0.7842     0.735    0.7926    0.4533   0.04006   0.02383   0.01453
   182/399     20.9G   0.03287  0.007774  0.003804   0.04444        22      1600    0.7882    0.7336    0.7929    0.4531   0.04004   0.02384    0.0145
   183/399     20.9G   0.03254  0.007301   0.00357   0.04341        34      1600    0.7886    0.7332    0.7932    0.4534   0.04001   0.02384   0.01448
   184/399     20.9G   0.03343  0.007649  0.003973   0.04505        23      1600    0.7855    0.7358    0.7937    0.4536   0.04001   0.02383   0.01447
   185/399     20.9G   0.03256  0.007729  0.003621   0.04391        60      1600    0.7873    0.7359    0.7932    0.4544   0.03999   0.02383   0.01446
   186/399     20.9G    0.0322   0.00742  0.003469   0.04309        47      1600    0.7762    0.7453     0.794    0.4544   0.03997   0.02383   0.01448
   187/399     20.9G   0.03252  0.007827  0.004008   0.04435        62      1600    0.7732    0.7462    0.7942    0.4546   0.03997   0.02384   0.01447
   188/399     20.9G     0.033  0.007831  0.003712   0.04454        36      1600    0.7753    0.7458    0.7943    0.4546   0.03996   0.02385   0.01447
   189/399     20.9G   0.03248   0.00758  0.003331   0.04339        18      1600    0.7955    0.7301    0.7942    0.4547   0.03994   0.02385   0.01446
   190/399     20.9G    0.0328  0.007717  0.003988    0.0445        10      1600    0.7989    0.7291    0.7945    0.4548   0.03994   0.02386   0.01447
   191/399     20.9G   0.03247  0.007801  0.003754   0.04403        30      1600    0.8014    0.7278    0.7943     0.455   0.03995   0.02385   0.01444
   192/399     20.9G   0.03245  0.007425  0.003627    0.0435        12      1600    0.7948    0.7321    0.7947    0.4556   0.03994   0.02385   0.01445
   193/399     20.9G   0.03278  0.007373  0.003984   0.04414        44      1600    0.8007    0.7295    0.7948    0.4561   0.03991   0.02386   0.01444
   194/399     20.9G   0.03202   0.00734  0.003597   0.04295        60      1600    0.8058    0.7276    0.7954    0.4564   0.03989   0.02386   0.01444
   195/399     20.9G   0.03246  0.007478  0.003297   0.04323        20      1600    0.8077    0.7268    0.7959    0.4569   0.03987   0.02388   0.01443
   196/399     20.9G   0.03218  0.007408  0.003665   0.04325        23      1600    0.8107    0.7276    0.7968     0.457   0.03987   0.02389   0.01442
   197/399     20.9G   0.03321  0.007581  0.003096   0.04388        25      1600    0.8074    0.7302    0.7969    0.4573   0.03985   0.02389   0.01441
   198/399     20.9G   0.03273  0.007886   0.00353   0.04414        39      1600    0.8075    0.7307    0.7969    0.4577   0.03983    0.0239   0.01439
   199/399     20.9G   0.03192  0.007307  0.003449   0.04268        14      1600    0.8111    0.7295    0.7975    0.4576   0.03982    0.0239   0.01439
   200/399     20.9G   0.03242  0.007303    0.0033   0.04302        22      1600     0.802    0.7342    0.7968    0.4576    0.0398   0.02391   0.01438
   201/399     20.9G   0.03286   0.00771   0.00371   0.04428        53      1600    0.8137    0.7273    0.7967    0.4575   0.03979   0.02392   0.01439
   202/399     20.9G   0.03175  0.007476  0.003466   0.04269        18      1600    0.8029    0.7342    0.7972    0.4574   0.03977   0.02392   0.01439
   203/399     20.9G   0.03201  0.007467  0.003313   0.04279        21      1600    0.8094    0.7293    0.7968    0.4575   0.03978   0.02392   0.01439
   204/399     20.9G   0.03203  0.007835  0.003511   0.04338         8      1600    0.8196     0.723    0.7966    0.4576   0.03977   0.02393   0.01439
   205/399     20.9G   0.03225  0.007603   0.00382   0.04367        20      1600     0.819    0.7248    0.7969    0.4574   0.03976   0.02393   0.01438
   206/399     20.9G   0.03192  0.006959   0.00345   0.04233        25      1600    0.8191    0.7243    0.7969    0.4573   0.03974   0.02394   0.01437
   207/399     20.9G   0.03241  0.007351  0.003686   0.04345        41      1600    0.8188    0.7245    0.7973    0.4577   0.03973   0.02394   0.01438
   208/399     20.9G   0.03216  0.007039  0.003304    0.0425        41      1600    0.7839    0.7491    0.7976    0.4578   0.03973   0.02395   0.01437
   209/399     20.9G    0.0317  0.007237  0.003512   0.04245        15      1600    0.7843    0.7488     0.798    0.4581   0.03971   0.02395   0.01438
   210/399     20.9G    0.0329  0.007098   0.00342   0.04342         9      1600    0.7827    0.7513    0.7981    0.4581   0.03971   0.02396   0.01438
   211/399     20.9G   0.03248  0.007274  0.004099   0.04385        60      1600    0.7821    0.7526    0.7981    0.4581   0.03971   0.02396   0.01437
   212/399     20.9G   0.03189  0.007237  0.003701   0.04283        13      1600    0.7841     0.751    0.7983    0.4586   0.03969   0.02396   0.01437
   213/399     20.9G   0.03183  0.007343  0.003475   0.04265        12      1600    0.7822    0.7522    0.7984    0.4588   0.03968   0.02397   0.01435
   214/399     20.9G   0.03179  0.007296  0.003371   0.04245        27      1600    0.7865    0.7498    0.7984    0.4591   0.03967   0.02397   0.01435
   215/399     20.9G   0.03269  0.007549  0.003571   0.04381        29      1600    0.7883    0.7474    0.7986    0.4593   0.03966   0.02397   0.01433
   216/399     20.9G    0.0321  0.007454  0.003297   0.04285        42      1600    0.7899     0.746    0.7987    0.4593   0.03966   0.02398   0.01433
   217/399     20.9G   0.03162  0.007426  0.003406   0.04246        40      1600    0.7836    0.7506    0.7986    0.4589   0.03965   0.02398   0.01432
   218/399     20.9G   0.03168  0.007373  0.003361   0.04241        40      1600    0.7814    0.7524    0.7986     0.459   0.03964   0.02398   0.01431
   219/399     20.9G   0.03176  0.007372  0.003736   0.04287        31      1600    0.8118    0.7302    0.7984    0.4589   0.03965   0.02399    0.0143
   220/399     20.9G   0.03213  0.007478  0.003327   0.04293        13      1600    0.8082    0.7327    0.7983    0.4587   0.03964   0.02399    0.0143
   221/399     20.9G   0.03197  0.007052  0.003658   0.04268        28      1600    0.8091    0.7317    0.7984    0.4589   0.03964   0.02399   0.01429
   222/399     20.9G   0.03191  0.007578  0.003365   0.04285        50      1600    0.7918    0.7441    0.7986    0.4592   0.03963   0.02399   0.01428
   223/399     20.9G   0.03234  0.007505  0.003441   0.04329        23      1600    0.8086    0.7318    0.7988     0.459   0.03961   0.02399   0.01427
   224/399     20.9G   0.03145   0.00721   0.00288   0.04154        31      1600    0.7769    0.7562    0.7989    0.4594    0.0396   0.02399   0.01426
   225/399     20.9G   0.03161  0.007317  0.003268    0.0422        28      1600    0.7785     0.756     0.799    0.4592   0.03959     0.024   0.01426
   226/399     20.9G   0.03236  0.007834  0.003701    0.0439        36      1600    0.7792    0.7558    0.7988    0.4593   0.03958   0.02399   0.01425
   227/399     20.9G   0.03149  0.007411  0.003546   0.04245        25      1600    0.7792    0.7556    0.7992    0.4592   0.03957   0.02399   0.01424
   228/399     20.9G   0.03136  0.007409  0.003649   0.04242        43      1600    0.7698    0.7633    0.7995    0.4595   0.03956     0.024   0.01423
   229/399     20.9G   0.03162  0.007332  0.003585   0.04254        94      1600    0.7763    0.7576    0.7995    0.4599   0.03955   0.02399   0.01423
   230/399     20.9G   0.03219  0.007369  0.003654   0.04321        59      1600    0.7708    0.7627    0.7995    0.4601   0.03953     0.024   0.01422
   231/399     20.9G    0.0321  0.007873  0.003383   0.04336        34      1600    0.7745    0.7606    0.7997    0.4602   0.03951   0.02399   0.01421
   232/399     20.9G   0.03166  0.007588  0.003708   0.04296        25      1600    0.7761      0.76    0.7999    0.4605   0.03949     0.024    0.0142
   233/399     20.9G    0.0308  0.006978  0.003219     0.041        16      1600    0.7762      0.76    0.7999    0.4605   0.03949     0.024   0.01419
   234/399     20.9G   0.03162  0.007627  0.003218   0.04246        32      1600    0.7761    0.7598       0.8    0.4606   0.03947   0.02401   0.01419
   235/399     20.9G   0.03252   0.00719  0.003278   0.04299        25      1600    0.7753    0.7609    0.8006    0.4609   0.03946   0.02401   0.01417
   236/399     20.9G   0.03189  0.007148  0.003627   0.04267        15      1600    0.7718    0.7632    0.8001    0.4605   0.03945   0.02401   0.01416
   237/399     20.9G   0.03148  0.007554  0.003332   0.04236        23      1600    0.7732    0.7624    0.8003    0.4607   0.03944   0.02402   0.01415
   238/399     20.9G   0.03169  0.007373  0.003256   0.04232        12      1600    0.7736    0.7616    0.8001    0.4607   0.03943   0.02403   0.01415
   239/399     17.6G     0.032   0.00726  0.003262   0.04252        51      1600    0.7726    0.7624    0.8004    0.4612   0.03941   0.02404   0.01414
   240/399       21G   0.03171  0.007393  0.003158   0.04226         8      1600    0.8196     0.728    0.8007    0.4615   0.03939   0.02404   0.01412
   241/399       21G   0.03078  0.007633  0.003251   0.04167        25      1600    0.8195    0.7284    0.8009    0.4617   0.03939   0.02404   0.01411
   242/399       21G   0.03085  0.007297  0.003107   0.04126        16      1600    0.8201    0.7276    0.8008    0.4617   0.03939   0.02404    0.0141
   243/399       21G   0.03212  0.007542  0.003023   0.04268        17      1600     0.817    0.7289    0.8006    0.4618   0.03937   0.02404   0.01409
   244/399       21G   0.03123  0.007514  0.002936   0.04168        21      1600    0.8111    0.7345    0.8012    0.4616   0.03936   0.02405   0.01408
   245/399       21G   0.03045  0.007099  0.003186   0.04074        31      1600    0.8123    0.7333    0.8013    0.4619   0.03936   0.02405   0.01407
   246/399       21G   0.03135   0.00749  0.003438   0.04228        47      1600    0.8111    0.7339    0.8011    0.4618   0.03935   0.02405   0.01406
   247/399       21G    0.0315  0.007196  0.002817   0.04152         6      1600    0.7911    0.7489    0.8012     0.462   0.03934   0.02406   0.01406
   248/399       21G   0.03094  0.007084  0.003102   0.04112        23      1600    0.7929    0.7481    0.8014    0.4621   0.03933   0.02407   0.01405
   249/399       21G   0.03164  0.007603  0.003367   0.04261        14      1600     0.793    0.7478    0.8015    0.4624   0.03933   0.02407   0.01405
   250/399       21G   0.03173  0.007406  0.003435   0.04257        45      1600    0.7937    0.7464    0.8014    0.4626   0.03933   0.02408   0.01404
   251/399       21G   0.03155  0.007482  0.003094   0.04212        43      1600    0.8123    0.7321    0.8013     0.462   0.03933    0.0241   0.01404
   252/399       21G   0.03122  0.007044  0.003246   0.04151        28      1600    0.8035    0.7386    0.8014    0.4624   0.03933    0.0241   0.01403
   253/399       21G   0.03123  0.007306  0.003552   0.04209        18      1600    0.8024    0.7408    0.8016    0.4624   0.03933    0.0241   0.01402
   254/399       21G   0.03081  0.007289  0.003165   0.04126        27      1600    0.8014    0.7401    0.8007    0.4626   0.03933    0.0241   0.01401
   255/399       21G   0.03124  0.007325  0.003045   0.04161        27      1600    0.8005    0.7401    0.8005    0.4628   0.03932   0.02409   0.01401
   256/399     17.6G   0.03069  0.007145  0.002839   0.04068        51      1600    0.8047    0.7374    0.8003    0.4627   0.03931   0.02409     0.014
   257/399       21G   0.03036  0.007054  0.002742   0.04015         7      1600    0.8046     0.738    0.8008     0.463   0.03931   0.02408     0.014
   258/399       21G   0.02959  0.007561  0.002853      0.04        25      1600    0.8046    0.7388     0.801    0.4628   0.03931   0.02407   0.01399
   259/399       21G   0.03027  0.007263  0.002909   0.04044        25      1600    0.8057    0.7399    0.8013    0.4629    0.0393   0.02406   0.01399
   260/399       21G   0.03096  0.007329  0.002992   0.04128        21      1600    0.8051      0.74    0.8014    0.4628    0.0393   0.02406   0.01398
   261/399       21G   0.03044  0.007361  0.002714   0.04051        22      1600     0.804    0.7416    0.8013    0.4626    0.0393   0.02405   0.01398
   262/399       21G   0.03018  0.007049  0.002769      0.04        26      1600    0.8062    0.7394    0.8013    0.4629    0.0393   0.02404   0.01398
   263/399       21G   0.03063  0.007496  0.002915   0.04104        45      1600    0.8061    0.7397    0.8018    0.4629   0.03929   0.02404   0.01397
   264/399       21G   0.03115  0.007233  0.002639   0.04102         6      1600    0.8038    0.7422    0.8018    0.4626   0.03928   0.02404   0.01398
   265/399       21G   0.03077  0.006925  0.002741   0.04044        13      1600    0.8033    0.7425    0.8019    0.4627   0.03928   0.02403   0.01397
   266/399       21G   0.03068  0.007388  0.002942   0.04101        16      1600    0.7988    0.7439    0.8014    0.4627   0.03928   0.02402   0.01397
   267/399       21G   0.03063  0.007313  0.003032   0.04098        35      1600    0.7999    0.7444    0.8015    0.4629   0.03928   0.02401   0.01398
   268/399       21G   0.03101  0.007449  0.003048   0.04151        40      1600    0.7983    0.7455    0.8016    0.4631   0.03928     0.024   0.01398
   269/399       21G   0.03007  0.007034  0.002802   0.03991        27      1600    0.8018    0.7417    0.8015     0.463   0.03928   0.02399   0.01398
   270/399       21G   0.03098  0.007233   0.00293   0.04114        27      1600    0.8027    0.7416    0.8018    0.4631   0.03928   0.02399   0.01398
   271/399       21G   0.03023  0.007294  0.003003   0.04053        28      1600    0.8006     0.743    0.8019    0.4631   0.03929   0.02398   0.01398
   272/399       21G   0.03045   0.00732  0.002635   0.04041        26      1600    0.7989     0.744    0.8021    0.4629   0.03929   0.02398   0.01397
   273/399       21G   0.03136  0.007353  0.003178    0.0419         9      1600    0.7833    0.7552    0.8023    0.4629   0.03929   0.02398   0.01397
   274/399       21G   0.03113  0.007248  0.003193   0.04157        40      1600    0.8029    0.7407    0.8022    0.4631   0.03929   0.02398   0.01397
   275/399       21G   0.03085  0.007574  0.003126   0.04155        15      1600    0.7793    0.7584    0.8022     0.463    0.0393   0.02397   0.01398
   276/399       21G   0.03173  0.007067  0.003149   0.04195        39      1600    0.7799    0.7581    0.8023    0.4631   0.03929   0.02396   0.01397
   277/399       21G   0.03101  0.007152  0.002966   0.04113        15      1600     0.778    0.7604    0.8023     0.463    0.0393   0.02396   0.01398
   278/399       21G   0.03107  0.007042   0.00305   0.04117        40      1600    0.7807    0.7583    0.8025    0.4631    0.0393   0.02395   0.01398
   279/399       21G   0.02997  0.006812   0.00273   0.03952        35      1600    0.7804    0.7584    0.8025    0.4631    0.0393   0.02394   0.01398
   280/399       21G   0.03073  0.007251   0.00297   0.04095        16      1600    0.7808    0.7581    0.8026     0.463    0.0393   0.02394   0.01398
   281/399       21G   0.03057  0.007105   0.00284   0.04051        64      1600    0.7794    0.7588    0.8022    0.4634    0.0393   0.02393   0.01398
   282/399       21G   0.03094  0.007052  0.003262   0.04126        31      1600    0.7789    0.7602    0.8034    0.4638    0.0393   0.02392   0.01397
   283/399       21G   0.03032  0.006858  0.003056   0.04023        18      1600    0.7772    0.7624    0.8039    0.4643    0.0393   0.02391   0.01396
   284/399       21G    0.0306  0.007259  0.002742    0.0406        20      1600    0.7774    0.7625    0.8042    0.4638    0.0393    0.0239   0.01396
   285/399       21G   0.03025  0.006943  0.002984   0.04018        46      1600    0.7756    0.7632     0.804    0.4637    0.0393    0.0239   0.01396
   286/399       21G   0.03029  0.006656  0.003009   0.03995        10      1600    0.7794    0.7596     0.804    0.4638    0.0393   0.02389   0.01396
   287/399       21G    0.0302  0.007069  0.003026   0.04029        26      1600      0.78    0.7594    0.8041    0.4637    0.0393   0.02388   0.01396
   288/399       21G   0.03062  0.007151  0.002842   0.04061        17      1600    0.7808    0.7581    0.8042    0.4636    0.0393   0.02388   0.01396
   289/399       21G    0.0305  0.007157  0.002824   0.04048        35      1600    0.7842    0.7564    0.8043    0.4635    0.0393   0.02388   0.01395
   290/399       21G   0.03067  0.007035   0.00278   0.04048        36      1600    0.7851    0.7557    0.8046    0.4639    0.0393   0.02388   0.01395
   291/399       21G   0.03071  0.007154  0.002668   0.04053        16      1600    0.7866     0.754    0.8051    0.4644   0.03931   0.02388   0.01395
   292/399       21G   0.03028  0.007184   0.00321   0.04067        16      1600     0.779    0.7603    0.8057    0.4643   0.03932   0.02388   0.01395
   293/399       21G   0.03027  0.006966  0.002597   0.03983        39      1600    0.7854    0.7549    0.8058    0.4643   0.03932   0.02388   0.01394
   294/399       21G   0.02993  0.007167  0.002455   0.03956        27      1600    0.7861    0.7536    0.8054    0.4645   0.03932   0.02388   0.01394
   295/399       21G   0.03059  0.007238  0.002971    0.0408        19      1600    0.7772    0.7607    0.8052    0.4646   0.03932   0.02388   0.01393
   296/399       21G   0.03022  0.007219  0.002905   0.04035        34      1600    0.7856    0.7536    0.8053    0.4645   0.03932   0.02388   0.01393
   297/399       21G   0.03064    0.0073  0.002754   0.04069        41      1600     0.776    0.7617    0.8055    0.4644   0.03931   0.02389   0.01393
   298/399       21G   0.03036  0.007332  0.002913   0.04061        14      1600    0.7754     0.762    0.8055    0.4646   0.03931    0.0239   0.01393
   299/399       21G    0.0311  0.007617  0.002893   0.04161        24      1600    0.7763    0.7609    0.8055    0.4641   0.03932    0.0239   0.01392
   300/399       21G   0.03025  0.007178  0.002784   0.04022        19      1600    0.7761    0.7611    0.8056    0.4646   0.03931   0.02391   0.01391
   301/399       21G   0.03094  0.007004  0.003316   0.04125        41      1600    0.7759    0.7605    0.8058    0.4649   0.03931   0.02391   0.01391
   302/399       21G   0.03039   0.00699  0.003197   0.04058        16      1600    0.7978    0.7428    0.8057    0.4649   0.03932   0.02392    0.0139
   303/399       21G   0.03053  0.006763  0.002672   0.03996        54      1600     0.788    0.7493    0.8057    0.4646   0.03931   0.02393    0.0139
   304/399       21G    0.0301  0.007176  0.003159   0.04043        44      1600    0.7964    0.7439    0.8058    0.4644   0.03931   0.02393   0.01389
   305/399       21G   0.02999  0.007041  0.002864    0.0399        15      1600    0.7956    0.7442     0.806    0.4646    0.0393   0.02392   0.01389
   306/399       21G   0.03074   0.00692  0.002547   0.04021         9      1600    0.7745    0.7624    0.8061    0.4645   0.03928   0.02392   0.01388
   307/399       21G   0.02978  0.007002  0.002843   0.03962        25      1600    0.7752     0.762    0.8062    0.4647   0.03927   0.02392   0.01387
   308/399       21G   0.02964  0.007159  0.003037   0.03984        66      1600    0.7762    0.7628    0.8063    0.4647   0.03926   0.02392   0.01387
   309/399       21G   0.03036  0.007061  0.002631   0.04005        36      1600    0.7757    0.7627    0.8064    0.4648   0.03925   0.02392   0.01386
   310/399     17.6G   0.02947  0.006923  0.002452   0.03885        51      1600     0.775    0.7626    0.8063    0.4651   0.03924   0.02393   0.01386
   311/399       21G    0.0294  0.006762  0.002405   0.03856        12      1600    0.7765    0.7617    0.8065    0.4651   0.03924   0.02394   0.01385
   312/399       21G    0.0288   0.00736  0.002516   0.03868        22      1600    0.7785    0.7608    0.8067     0.465   0.03924   0.02394   0.01385
   313/399       21G     0.029  0.007005  0.002639   0.03865         8      1600     0.777    0.7623    0.8068    0.4655   0.03923   0.02395   0.01385
   314/399       21G   0.02988  0.007234  0.002477   0.03959        17      1600     0.777    0.7625    0.8069    0.4653   0.03922   0.02395   0.01384
   315/399       21G   0.02926  0.007157  0.002399   0.03882        21      1600    0.7767    0.7624    0.8069    0.4655   0.03921   0.02395   0.01383
   316/399       21G   0.02862  0.006888  0.002575   0.03808        33      1600    0.7874    0.7532    0.8067    0.4656   0.03921   0.02395   0.01383
   317/399       21G    0.0296  0.007201  0.002964   0.03977        42      1600    0.7764    0.7625    0.8067    0.4656    0.0392   0.02395   0.01382
   318/399       21G   0.02954  0.006936   0.00233   0.03881         5      1600    0.7886    0.7529     0.807    0.4655    0.0392   0.02396   0.01382
   319/399       21G   0.02958  0.006755   0.00253   0.03887        11      1600      0.81    0.7351    0.8066    0.4655   0.03919   0.02397   0.01381
   320/399       21G    0.0296  0.007175  0.002676   0.03945        14      1600    0.7773    0.7611    0.8068    0.4656    0.0392   0.02397   0.01381
   321/399       21G   0.02919  0.007139  0.002651   0.03897        35      1600    0.8091    0.7353     0.806    0.4654   0.03919   0.02398    0.0138
   322/399       21G   0.02942  0.007254  0.002764   0.03944        41      1600    0.8066    0.7357    0.8058    0.4654   0.03919   0.02399    0.0138
   323/399       21G   0.02929  0.006794   0.00251    0.0386        37      1600    0.7946    0.7451    0.8055    0.4653   0.03919     0.024   0.01379
   324/399       21G   0.02992  0.007011  0.002668   0.03959        14      1600    0.8024    0.7396    0.8057     0.465   0.03919   0.02401   0.01378
   325/399       21G   0.02911  0.007098  0.002648   0.03886        35      1600    0.8005     0.742    0.8054     0.465   0.03919   0.02401   0.01377
   326/399       21G   0.02883  0.006921  0.002415   0.03817        25      1600    0.8007    0.7416    0.8053    0.4647    0.0392   0.02402   0.01376
   327/399       21G   0.02984  0.006904  0.002449   0.03919         9      1600    0.8031    0.7392    0.8051    0.4647    0.0392   0.02404   0.01375
   328/399       21G   0.02965  0.007099  0.002718   0.03947        33      1600    0.8012    0.7411     0.805    0.4646    0.0392   0.02406   0.01374
   329/399       21G   0.02923  0.007217  0.002496   0.03894        17      1600    0.8034    0.7396    0.8048    0.4649   0.03921   0.02407   0.01374
   330/399       21G   0.02987  0.006761  0.002777   0.03941        30      1600    0.8027    0.7393    0.8046    0.4647   0.03922   0.02409   0.01373
   331/399       21G   0.02942  0.007004  0.002512   0.03894        23      1600    0.8071    0.7357    0.8041    0.4644   0.03923    0.0241   0.01372
   332/399       21G   0.02974  0.006887  0.002676   0.03931        38      1600    0.7994    0.7415    0.8035    0.4642   0.03924   0.02411   0.01372
   333/399       21G   0.02889  0.006651  0.002248   0.03779        35      1600    0.8046    0.7378    0.8034    0.4644   0.03925   0.02412   0.01371
   334/399       21G   0.02954  0.007104  0.002474   0.03911        16      1600    0.8058    0.7365    0.8035    0.4643   0.03925   0.02413    0.0137
   335/399       21G   0.02929  0.006997  0.002369   0.03866        64      1600    0.8009    0.7399    0.8035    0.4638   0.03927   0.02415   0.01369
   336/399       21G    0.0293   0.00673   0.00244   0.03848        28      1600    0.8007    0.7406    0.8042    0.4641   0.03926   0.02415   0.01369
   337/399       21G   0.02933  0.006499  0.002525   0.03835        17      1600    0.8021    0.7396    0.8041    0.4642   0.03927   0.02416   0.01369
   338/399       21G    0.0289  0.006905  0.002179   0.03799        22      1600    0.7964     0.743     0.804    0.4638   0.03929   0.02417   0.01368
   339/399       21G   0.02828  0.006607   0.00252   0.03741        49      1600    0.7952    0.7426    0.8033    0.4637   0.03931    0.0242   0.01368
   340/399       21G   0.02908  0.006473  0.002723   0.03827        12      1600    0.7896    0.7465    0.8032    0.4637   0.03932   0.02421   0.01368
   341/399       21G   0.02886  0.006882   0.00248   0.03822        23      1600    0.7899    0.7472    0.8035    0.4638   0.03934   0.02422   0.01367
   342/399       21G   0.02937  0.006983   0.00238   0.03873        14      1600    0.7893    0.7473    0.8033    0.4635   0.03935   0.02425   0.01367
   343/399       21G   0.02948  0.007019  0.002483   0.03898        18      1600    0.7894    0.7473    0.8033    0.4634   0.03935   0.02425   0.01367
   344/399       21G   0.02907  0.006796  0.002292   0.03815        42      1600    0.7896    0.7466    0.8031    0.4631   0.03937   0.02427   0.01367
   345/399       21G   0.02904  0.006862  0.002405    0.0383        19      1600    0.7867    0.7482    0.8024    0.4631    0.0394    0.0243   0.01367
   346/399       21G   0.02912  0.006985  0.002614   0.03872        12      1600    0.7845    0.7499    0.8024    0.4631   0.03942   0.02431   0.01366
   347/399       21G    0.0287  0.006646  0.002346    0.0377        33      1600    0.7856    0.7482    0.8027    0.4631   0.03942   0.02432   0.01366
   348/399       21G   0.02878  0.006868  0.002226   0.03788        30      1600    0.7834    0.7487     0.802    0.4631   0.03945   0.02435   0.01367
   349/399       21G   0.02946  0.007016  0.002539   0.03902        20      1600    0.7843    0.7481    0.8021    0.4629   0.03946   0.02436   0.01367
   350/399       21G   0.02896  0.006975  0.002526   0.03846        29      1600    0.7766     0.754    0.8017    0.4627   0.03947   0.02437   0.01367
   351/399       21G    0.0292  0.007049  0.002387   0.03864        13      1600    0.7753    0.7547    0.8013    0.4627    0.0395   0.02441   0.01367
   352/399       21G   0.02928  0.007364  0.002809   0.03945        13      1600    0.7753    0.7544     0.801    0.4625   0.03952   0.02444   0.01368
   353/399       21G   0.02914  0.007209  0.002525   0.03888        39      1600    0.7792    0.7507    0.8008    0.4628   0.03952   0.02445   0.01368
   354/399       21G   0.02893  0.006991  0.002424   0.03835        19      1600    0.7789    0.7511    0.8008    0.4628   0.03952   0.02447   0.01367
   355/399       21G   0.02894  0.006728  0.002662   0.03833        49      1600    0.7778    0.7535    0.8013    0.4628    0.0395   0.02446   0.01366
   356/399       21G    0.0291  0.006926   0.00261   0.03863        17      1600    0.7776    0.7535    0.8009    0.4628    0.0395   0.02447   0.01366
   357/399       21G    0.0291  0.006536  0.002309   0.03794        50      1600    0.7742    0.7541    0.8004    0.4628   0.03954   0.02451   0.01367
   358/399       21G   0.02863  0.007137  0.002655   0.03842        47      1600    0.7825    0.7472    0.8004    0.4625   0.03955   0.02452   0.01367
   359/399       21G   0.02897  0.006913  0.002573   0.03845        17      1600    0.7747    0.7546    0.8005    0.4627   0.03952    0.0245   0.01366
   360/399       21G   0.02944  0.006766  0.002266   0.03848         5      1600    0.7748    0.7546    0.8008    0.4626   0.03952   0.02452   0.01366
   361/399       21G   0.02899   0.00681  0.002383   0.03818        24      1600    0.7824    0.7481    0.8006    0.4627   0.03952   0.02453   0.01366
   362/399       21G   0.02858  0.006798  0.002371   0.03775        68      1600    0.7741    0.7552    0.8006    0.4627   0.03951   0.02452   0.01364
   363/399       21G     0.029  0.007009  0.002424   0.03844        41      1600     0.783    0.7478    0.7999    0.4624   0.03954   0.02456   0.01365
   364/399       21G   0.02947  0.006654  0.002496   0.03862        31      1600    0.7835    0.7469    0.7998    0.4619   0.03957   0.02458   0.01365
   365/399       21G   0.02926  0.006945  0.002552   0.03876        23      1600    0.7858    0.7449    0.7996    0.4616   0.03959   0.02459   0.01364
   366/399       21G   0.02947   0.00716  0.002427   0.03905        21      1600    0.7787      0.75    0.7995    0.4616    0.0396   0.02461   0.01365
   367/399       21G   0.02911  0.006848   0.00236   0.03832        59      1600    0.7791    0.7499     0.799    0.4613   0.03961   0.02463   0.01366
   368/399       21G   0.02906  0.007221  0.002458   0.03874        14      1600    0.7792    0.7491     0.799    0.4616   0.03961   0.02462   0.01366
   369/399       21G   0.02905  0.006439  0.002363   0.03785         8      1600    0.7791    0.7494     0.799    0.4614   0.03961   0.02463   0.01366
   370/399       21G   0.02892  0.006845   0.00235   0.03811        39      1600    0.7789    0.7502     0.799    0.4614   0.03961   0.02463   0.01365
   371/399       21G   0.02981  0.006561  0.002531    0.0389        23      1600    0.7792    0.7487    0.7986    0.4609   0.03968   0.02467   0.01367
   372/399       21G   0.02883  0.006716  0.002483   0.03803        32      1600    0.7783     0.749    0.7989    0.4607   0.03968   0.02466   0.01366
   373/399       21G   0.02917  0.006666  0.002482   0.03832        21      1600    0.7741    0.7504     0.798    0.4603   0.03977   0.02471   0.01368
   374/399       21G   0.02895  0.006789  0.002539   0.03828        27      1600    0.7837    0.7413    0.7977      0.46   0.03981   0.02474    0.0137
   375/399       21G   0.02896   0.00695    0.0024   0.03831        22      1600    0.7695    0.7512     0.797    0.4594   0.03992    0.0248   0.01373
   376/399       21G   0.02874  0.006769  0.002247   0.03776        15      1600    0.7899     0.734    0.7967    0.4592   0.03998   0.02483   0.01374
   377/399       21G   0.02912   0.00665  0.002427    0.0382        21      1600    0.7839    0.7404    0.7971    0.4597   0.03994    0.0248   0.01372
   378/399       21G   0.02958  0.006943   0.00236   0.03888        28      1600     0.785    0.7413    0.7978    0.4601   0.03984   0.02476   0.01368
   379/399       21G   0.02949  0.007293  0.002717   0.03949        50      1600    0.7861    0.7422    0.7986    0.4601   0.03978   0.02473   0.01365
   380/399       21G   0.02868  0.006558  0.002443   0.03768        22      1600    0.7842    0.7441    0.7984    0.4601   0.03979   0.02473   0.01366
   381/399       21G   0.02893  0.006933  0.002286   0.03815        23      1600    0.7843    0.7423    0.7975    0.4598    0.0399   0.02479   0.01369
   382/399       21G   0.02829  0.006795   0.00241   0.03749        13      1600    0.7842    0.7423    0.7975    0.4596   0.03991   0.02479   0.01369
   383/399       21G   0.02914  0.006833  0.002302   0.03827        23      1600    0.7835     0.742    0.7975    0.4595   0.03993   0.02479   0.01369
   384/399       21G   0.02866  0.006753  0.002281    0.0377        28      1600    0.7786    0.7444    0.7964    0.4585   0.04004   0.02485   0.01373
   385/399       21G   0.02935  0.006916  0.002451   0.03872        18      1600     0.782    0.7441    0.7977     0.459   0.03993    0.0248   0.01368
   386/399       21G   0.02972  0.007054  0.002842   0.03962        22      1600    0.7824    0.7435    0.7975    0.4593    0.0399   0.02478   0.01367
   387/399       21G   0.02908  0.006756  0.002602   0.03844        44      1600    0.7845    0.7427    0.7975    0.4591   0.03993   0.02481   0.01369
   388/399       21G   0.02923  0.006734  0.002524   0.03849        43      1600    0.7815     0.744    0.7974    0.4584   0.03996   0.02482   0.01369
   389/399       21G    0.0285  0.006883  0.002312    0.0377        15      1600    0.7827    0.7425    0.7967    0.4578   0.04004   0.02486   0.01371
   390/399       21G   0.02916  0.006795  0.002479   0.03843        26      1600    0.7798    0.7455    0.7973    0.4585   0.03998   0.02484   0.01369
   391/399       21G   0.02908  0.006798  0.002261   0.03814        46      1600    0.7834    0.7424    0.7972    0.4588   0.03996   0.02485   0.01369
   392/399       21G   0.02922  0.007171  0.002433   0.03883        13      1600    0.7815    0.7428    0.7964    0.4582   0.04008    0.0249   0.01373
   393/399       21G   0.02888  0.006826  0.002356   0.03807        31      1600    0.7837    0.7394    0.7949    0.4569   0.04022   0.02499   0.01378
   394/399       21G   0.02931  0.007086  0.002229   0.03863        23      1600      0.78    0.7393    0.7934    0.4561   0.04037   0.02508   0.01384
   395/399       21G   0.02904  0.007426  0.002221   0.03869        30      1600    0.7853    0.7367    0.7941    0.4564   0.04031   0.02506   0.01383
   396/399       21G   0.02924  0.006925  0.002235    0.0384        14      1600    0.7828    0.7385    0.7944    0.4573   0.04026   0.02505   0.01382
   397/399       21G   0.02906  0.006917  0.002307   0.03829        26      1600    0.7846    0.7367    0.7939     0.457   0.04031   0.02509   0.01384
   398/399       21G   0.02904  0.006796  0.002538   0.03838        16      1600    0.7986    0.7242    0.7931    0.4563   0.04037   0.02512   0.01386
   399/399       21G   0.02877  0.006767  0.002372   0.03791        47      1600    0.8011    0.7217    0.7916    0.4556   0.04048   0.02519    0.0139
